X1' =  91.792110 X1^-0.105705 X3^-0.835441 X8^1.000000  + 21.248974 X1^-0.106332 X3^-0.857577 X9^1.000000  + 739.454787 X1^-0.105664 X6^-1.712103 X10^1.000000  + 3074.157951 X1^-0.107224 X6^-1.770018 X11^1.000000  - 3.450500 X1^3.526264 X2^-2.526264 X12^1.000000 
X2' =  3.450500 X1^3.526264 X2^-2.526264 X12^1.000000  - 82.438009 X2^1.000000 X3^-1.959298 X13^1.000000  - 185.810581 X2^1.000000 X3^-1.631017 X14^1.000000  - 3.480938 X2^1.000000 X6^-0.328669 X10^1.000000  - 0.721426 X2^1.000000 X6^-0.025538 X11^1.000000 
X3' =  82.438009 X2^1.000000 X3^-1.959298 X13^1.000000  + 185.810581 X2^1.000000 X3^-1.631017 X14^1.000000  - 0.239134 X3^0.264884 X15^1.000000 
X4' =  3.480938 X2^1.000000 X6^-0.328669 X10^1.000000  + 0.721426 X2^1.000000 X6^-0.025538 X11^1.000000  - 0.186690 X4^0.937279 X16^1.000000 
X5' =  0.186690 X4^0.937279 X16^1.000000  - 0.002546 X5^0.912761 X17^1.000000  - 0.002147 X5^0.971200 X18^1.000000 
X6' =  0.002147 X5^0.971200 X18^1.000000  - 33.248727 X6^1.000000 X7^-2.285535 X19^1.000000  - 0.181745 X6^0.248515 X15^1.000000 
X7' =  33.248727 X6^1.000000 X7^-2.285535 X19^1.000000  - 0.266874 X7^0.252375 X15^1.000000 


Set values of dependent variables

X1=0.344037
X2=0.964460
X3=69.380933
X4=0.936848
X5=45.273280
X6=302.390699
X7=59.247151


Set values of independent variables

X8=0.250000
X9=0.250000
X10=0.630000
X11=0.630000
X12=11.600000
X13=1.600000
X14=1.600000
X15=0.430000
X16=4.000000
X17=0.700000
X18=7.400000
X19=0.360000


&& X8 X9 X10 X11 X12 X13 X14 X15 X16 X17 X18 X19 

Set solution parameters

t0 = 0.0
hr = 0.01
tf = 10.0
