X1' = 242.617913 X1^-0.105932 X3^-0.742184 X6^-0.203126 X8^0.730280 X9^0.154012 X10^0.028989 X11^0.086718 - 3.450500 X1^3.526264 X2^-2.526264 X12^1.000000 
X2' = 3.450500 X1^3.526264 X2^-2.526264 X12^1.000000 - 21.475815 X2^1.000000 X3^-0.516286 X6^-0.113923 X10^0.317720 X11^0.371944 X13^0.030832 X14^0.279505 
X3' = 236.900672 X2^1.000000 X3^-1.663632 X13^0.099350 X14^0.900650 - 0.239134 X3^0.264884 X15^1.000000 
X4' = 2.970027 X2^1.000000 X6^-0.165187 X10^0.460688 X11^0.539312 - 0.186690 X4^0.937279 X16^1.000000 
X5' = 0.186690 X4^0.937279 X16^1.000000 - 0.002894 X5^0.966387 X17^0.082357 X18^0.917643 
X6' = 0.002147 X5^0.971200 X18^1.000000 - 4.883539 X6^0.623290 X7^-1.139825 X15^0.501288 X19^0.498712 
X7' = 33.248727 X6^1.000000 X7^-2.285535 X19^1.000000 - 0.266874 X7^0.252375 X15^1.000000 


Set values of dependent variables

X1=0.344037
X2=0.964460
X3=69.380933
X4=0.936848
X5=45.273280
X6=302.390699
X7=59.247151


Set values of independent variables

X8=0.250000
X9=0.250000
X10=0.630000
X11=0.630000
X12=11.600000
X13=1.600000
X14=1.600000
X15=0.430000
X16=4.000000
X17=0.700000
X18=7.400000
X19=0.360000


&& X8 X9 X10 X11 X12 X13 X14 X15 X16 X17 X18 X19 

Set solution parameters

t0 = 0.0
hr = 0.01
tf = 10.0
